197.675 -0.000131074
197.878 -0.000330805
198.082 0.000817651
198.285 0.000443155
198.488 0.00274007
198.691 -0.00093
198.894 0.00104235
199.097 -0.000181007
199.301 0.000742752
199.504 0.000118591
199.707 0.00114222
199.91 0.00061792
200.114 -0.00165403
200.317 0.00136691
200.52 0.000443155
200.724 0.000118591
200.927 -0.00023094
201.13 0.00211591
201.334 -0.000530537
201.537 -8.1141e-05
201.741 0.00274007
201.944 -0.00015604
202.147 -0.000855101
202.351 -0.000330805
202.554 0.00101738
202.758 -0.000655369
202.961 0.00131698
203.165 -0.0010798
203.368 0.00101738
203.572 0.00101738
203.775 -0.000480604
203.979 0.00131698
204.183 -0.000555504
204.386 0.00146678
204.59 0.00166651
204.794 -0.000280873
204.997 0.000817651
205.201 -5.61745e-05
205.405 0.00141685
205.608 -0.00093
205.812 0.000318322
206.016 0.000518054
206.219 0.000343289
206.423 -0.00205349
206.627 0.00191618
206.831 -0.000954967
207.035 -0.000205973
207.238 -0.000905034
207.442 -0.000181007
207.646 0.000842618
207.85 -0.000730269
208.054 -0.000730269
208.258 0.00161658
208.462 -0.000730269
208.666 0.00126705
208.87 0.00151671
209.074 0.000118591
209.278 -0.000680336
209.482 -0.000480604
209.686 0.00061792
209.89 0.00221577
210.094 -8.1141e-05
210.298 0.00141685
210.502 -0.00132946
210.706 0.00129201
210.91 0.00154168
211.114 0.00104235
211.318 0.000567987
211.522 0.00194114
211.727 1.87248e-05
211.931 0.00114222
212.135 -0.00140436
212.339 0.00204101
212.544 0.00126705
212.748 0.000742752
212.952 -0.000605436
213.156 0.00154168
213.361 0.00136691
213.565 -8.1141e-05
213.769 -5.61745e-05
213.974 0.000343289
214.178 0.00106732
214.382 -0.000730269
214.587 0.000418188
214.791 0.000742752
214.996 -0.00093
215.2 0.000917517
215.404 0.00154168
215.609 0.00174141
215.813 -0.000705302
216.018 0.000867584
216.222 -0.00197859
216.427 0.000867584
216.631 -0.00165403
216.836 0.00126705
217.041 -0.0013794
217.245 -0.00093
217.45 -0.00142933
217.654 0.00061792
217.859 -0.000730269
218.064 0.000318322
218.268 0.00114222
218.473 -0.00142933
218.678 0.000218456
218.883 -0.000505571
219.087 -0.000780202
219.292 0.00141685
219.497 0.000742752
219.702 0.00061792
219.906 0.00124208
220.111 0.00136691
220.316 0.000518054
220.521 0.000867584
220.726 -5.61745e-05
220.931 0.00124208
221.135 0.00061792
221.34 -0.00200356
221.545 0.000218456
221.75 0.000518054
221.955 -0.0013794
222.16 0.000418188
222.365 0.00219081
222.57 0.000318322
222.775 -0.000730269
222.98 0.00061792
223.185 0.000917517
223.39 0.0029398
223.595 -0.00023094
223.8 -0.000755235
224.005 -0.000505571
224.211 0.000518054
224.416 -0.000455638
224.621 0.00111725
224.826 -0.00112973
225.031 0.00131698
225.236 -0.00102987
225.442 -0.000280873
225.647 0.000418188
225.852 6.86577e-05
226.057 -0.000181007
226.263 0.00131698
226.468 -0.00167899
226.673 0.00201604
226.878 -0.000855101
227.084 0.000742752
227.289 -0.000181007
227.495 -0.000455638
227.7 0.000717785
227.905 0.00154168
228.111 0.00171644
228.316 0.00166651
228.522 0.000243423
228.727 0.00216584
228.932 1.87248e-05
229.138 0.00121711
229.343 0.00054302
229.549 0.000667853
229.755 0.000443155
229.96 0.000343289
230.166 0.00171644
230.371 0.00194114
230.577 0.00104235
230.782 0.00181631
230.988 0.000792685
231.194 -0.000979933
231.399 0.000642886
231.605 0.00114222
231.811 -0.000330805
232.016 0.00174141
232.222 0.000168524
232.428 0.00181631
232.634 -8.1141e-05
232.839 0.000742752
233.045 0.000118591
233.251 0.00106732
233.457 0.000168524
233.663 0.00201604
233.868 0.000592953
234.074 0.00124208
234.28 -0.000305839
234.486 0.000518054
234.692 0.00111725
234.898 0.00151671
235.104 -0.000855101
235.31 -0.000280873
235.516 -0.000330805
235.722 0.000343289
235.928 0.00109228
236.134 -0.00165403
236.34 -0.00023094
236.546 0.000917517
236.752 0.00201604
236.958 0.00181631
237.164 0.00181631
237.37 -0.000380738
237.576 0.00206597
237.782 0.000567987
237.988 0.000443155
238.195 -5.61745e-05
238.401 -0.000181007
238.607 0.00181631
238.813 0.00124208
239.019 -0.000131074
239.226 -0.000655369
239.432 1.87248e-05
239.638 -0.000131074
239.844 0.00164154
240.051 -0.00165403
240.257 0.00106732
240.463 -0.0011547
240.67 6.86577e-05
240.876 -0.00127953
241.082 0.00061792
241.289 -0.000730269
241.495 0.00194114
241.702 0.000343289
241.908 0.000667853
242.114 0.00166651
242.321 0.00096745
242.527 0.000717785
242.734 0.00141685
242.94 0.000667853
243.147 0.000418188
243.353 -0.00195362
243.56 0.0030896
243.767 0.000642886
243.973 0.00114222
244.18 -0.00150423
244.386 0.000667853
244.593 0.00114222
244.8 0.000518054
245.006 0.00114222
245.213 0.00154168
245.42 -0.000505571
245.626 0.00141685
245.833 -8.1141e-05
246.04 -0.000455638
246.247 -0.000480604
246.453 -0.00102987
246.66 0.000567987
246.867 0.00131698
247.074 0.000343289
247.281 0.00194114
247.487 0.000418188
247.694 0.000518054
247.901 0.00106732
248.108 -0.000855101
248.315 0.000567987
248.522 -0.000131074
248.729 -0.00127953
248.936 0.000343289
249.143 -0.00140436
249.35 0.000243423
249.557 -8.1141e-05
249.764 0.0027151
249.971 -0.00127953
250.178 0.000468121
250.385 4.36913e-05
250.592 0.000293356
250.799 0.000243423
251.006 0.00181631
251.213 -0.000979933
251.42 0.00204101
251.627 0.000218456
251.835 0.000468121
252.042 -0.0010798
252.249 -0.00023094
252.456 -0.00180383
252.663 -0.000455638
252.871 0.00166651
253.078 0.000243423
253.285 -6.24161e-06
253.492 -0.000455638
253.7 -0.000380738
253.907 0.000218456
254.114 -0.00207846
254.322 0.00211591
254.529 0.000468121
254.736 0.00121711
254.944 -0.000555504
255.151 0.00231564
255.359 -0.000480604
255.566 -0.000455638
255.774 -5.61745e-05
255.981 0.00161658
256.188 0.0028649
256.396 0.00124208
256.603 0.00151671
256.811 0.000567987
257.019 0.000592953
257.226 -0.00182879
257.434 0.00209094
257.641 0.000892551
257.849 -0.000106107
258.056 0.00144181
258.264 -5.61745e-05
258.472 0.000418188
258.679 0.00181631
258.887 0.00166651
259.095 -0.00105483
259.302 0.000318322
259.51 -0.00142933
259.718 0.000592953
259.926 0.00171644
260.133 -0.00110477
260.341 0.000293356
260.549 -0.00093
260.757 0.00104235
260.965 -0.000131074
261.172 0.000642886
261.38 0.00144181
261.588 -0.0015292
261.796 0.000118591
262.004 -0.00023094
262.212 0.000742752
262.42 0.000518054
262.628 0.000817651
262.836 -0.000455638
263.044 0.000717785
263.252 -0.000730269
263.46 0.00126705
263.668 0.00106732
263.876 0.00141685
264.084 -0.000780202
264.292 -5.61745e-05
264.5 -0.00125456
264.708 0.00106732
264.916 4.36913e-05
265.124 0.000343289
265.332 0.000742752
265.54 0.000343289
265.749 -0.0013794
265.957 0.000268389
266.165 0.000742752
266.373 -0.000106107
266.581 -0.00023094
266.79 0.00171644
266.998 -0.00105483
267.206 -0.000255906
267.414 -0.000330805
267.623 0.000717785
267.831 0.00184128
268.039 0.000717785
268.248 -0.000181007
268.456 0.00114222
268.664 -0.000305839
268.873 0.00131698
269.081 -0.000730269
269.29 -0.000106107
269.498 -0.00102987
269.706 -5.61745e-05
269.915 0.000218456
270.123 0.00176638
270.332 -0.000380738
270.54 -0.000505571
270.749 0.000493087
270.957 0.000867584
271.166 -0.00175389
271.375 0.000842618
271.583 0.00141685
271.792 0.00124208
272 0.000118591
272.209 0.000243423
272.418 0.00101738
272.626 0.000218456
272.835 0.000917517
273.044 -8.1141e-05
273.252 -0.000305839
273.461 -0.000880067
273.67 0.00114222
273.879 0.00221577
274.087 0.000318322
274.296 0.000567987
274.505 0.00114222
274.714 0.00171644
274.922 0.00161658
275.131 -0.000530537
275.34 0.00114222
275.549 0.000667853
275.758 0.00054302
275.967 -0.000730269
276.176 0.00124208
276.385 1.87248e-05
276.594 0.000742752
276.803 0.000418188
277.011 -0.000680336
277.22 0.00206597
277.429 0.000243423
277.638 -0.000280873
277.848 -0.000505571
278.057 0.00191618
278.266 -0.000181007
278.475 -0.00058047
278.684 0.00061792
278.893 0.0024155
279.102 -0.000330805
279.311 0.000443155
279.52 1.87248e-05
279.729 0.00186624
279.939 -0.00112973
280.148 0.000717785
280.357 -0.000455638
280.566 0.00171644
280.775 -0.000954967
280.985 0.00136691
281.194 0.00054302
281.403 0.000318322
281.612 0.00109228
281.822 0.00141685
282.031 -5.61745e-05
282.24 0.000742752
282.45 -0.000380738
282.659 1.87248e-05
282.869 -0.000780202
283.078 0.00194114
283.287 -0.00147926
283.497 0.00124208
283.706 -0.000280873
283.916 -0.000855101
284.125 0.00231564
284.335 0.00154168
284.544 -0.000855101
284.754 -0.000880067
284.963 -0.00023094
285.173 0.000717785
285.382 -5.61745e-05
285.592 0.00229067
285.801 0.00131698
286.011 0.00171644
286.221 -0.000630403
286.43 -0.000555504
286.64 0.00111725
286.85 -0.000280873
287.059 -0.00102987
287.269 0.00244047
287.479 -0.00135443
287.688 0.00161658
287.898 -0.00132946
288.108 0.000168524
288.318 0.000867584
288.527 0.000742752
288.737 -0.000555504
288.947 0.000168524
289.157 0.000567987
289.367 -0.000480604
289.576 -0.000280873
289.786 0.00191618
289.996 -0.00058047
290.206 0.00154168
290.416 -0.000480604
290.626 0.00164154
290.836 0.000493087
291.046 0.0026402
291.256 -0.00140436
291.466 -0.000181007
291.676 0.00219081
291.886 -0.000530537
292.096 0.000343289
292.306 0.00204101
292.516 -0.00217832
292.726 0.000742752
292.936 1.87248e-05
293.146 0.000343289
293.356 -0.000954967
293.566 0.000567987
293.776 -0.000330805
293.987 0.00186624
294.197 0.00101738
294.407 0.00161658
294.617 0.000642886
294.827 0.00114222
295.038 6.86577e-05
295.248 -5.61745e-05
295.458 0.000742752
295.668 -0.00140436
295.879 -0.000280873
296.089 0.000268389
296.299 -0.00135443
296.51 0.0027151
296.72 -0.000330805
296.93 1.87248e-05
297.141 9.36242e-05
297.351 -0.00102987
297.561 0.000293356
297.772 -0.000705302
297.982 4.36913e-05
298.193 0.000218456
298.403 0.000942484
298.614 0.000717785
298.824 0.000243423
299.035 -0.000780202
299.245 0.000318322
299.456 0.00151671
299.666 0.000143557
299.877 -0.000380738
300.087 0.000692819
300.298 0.000343289
300.509 -0.000330805
300.719 0.00019349
300.93 -0.000855101
301.141 0.00296477
301.351 -0.00093
301.562 -0.000855101
301.773 -0.00135443
301.983 0.00166651
302.194 -0.00093
302.405 0.000642886
302.615 -0.000680336
302.826 0.00251537
303.037 -0.000530537
303.248 0.00134195
303.459 -0.00205349
303.669 -0.000480604
303.88 -0.000855101
304.091 0.000218456
304.302 -0.00127953
304.513 0.00136691
304.724 -0.000505571
304.935 0.00061792
305.146 0.00111725
305.357 0.000343289
305.568 0.000118591
305.778 0.000867584
305.989 -0.000455638
306.2 -5.61745e-05
306.411 0.00201604
306.622 -0.000380738
306.834 0.000143557
307.045 0.000418188
307.256 0.000667853
307.467 0.00136691
307.678 0.00061792
307.889 0.000168524
308.1 -0.000979933
308.311 0.00206597
308.522 0.000468121
308.734 -0.00058047
308.945 0.00111725
309.156 -0.000280873
309.367 -0.000455638
309.578 0.000243423
309.79 0.000318322
310.001 -0.00155416
310.212 -0.00015604
310.423 0.00154168
310.635 -0.000630403
310.846 0.00171644
311.057 0.00191618
311.269 -0.00015604
311.48 0.000742752
311.691 -0.000455638
311.903 -5.61745e-05
312.114 0.000717785
312.326 0.00096745
312.537 -0.000280873
312.748 -0.000979933
312.96 0.00154168
313.171 4.36913e-05
313.383 0.00114222
313.594 0.000567987
313.806 -0.000106107
314.017 0.00166651
314.229 0.00096745
314.441 -0.00105483
314.652 -5.61745e-05
314.864 0.000143557
315.075 0.00146678
315.287 0.00096745
315.499 0.000567987
315.71 -0.000730269
315.922 0.000218456
316.134 -0.00125456
316.345 -0.000855101
316.557 -0.000380738
316.769 0.000118591
316.98 -8.1141e-05
317.192 0.00114222
317.404 0.000343289
317.616 0.000717785
317.827 0.000118591
318.039 0.000717785
318.251 0.000343289
318.463 0.00189121
318.675 -0.00167899
318.887 0.000418188
319.098 -0.000455638
319.31 0.000892551
319.522 -0.000330805
319.734 -8.1141e-05
319.946 -5.61745e-05
320.158 0.000168524
320.37 -0.000855101
320.582 -0.000330805
320.794 -5.61745e-05
321.006 6.86577e-05
321.218 6.86577e-05
321.43 0.00141685
321.642 0.00114222
321.854 -0.000855101
322.066 -0.000680336
322.278 0.000867584
322.49 0.00254034
322.702 0.00126705
322.915 0.000118591
323.127 0.00266517
323.339 -0.00112973
323.551 0.000468121
323.763 0.00131698
323.975 -6.24161e-06
324.188 0.000917517
324.4 0.00151671
324.612 -0.000305839
324.824 -8.1141e-05
325.037 -0.00127953
325.249 0.000518054
325.461 -0.000905034
325.674 0.000817651
325.886 -0.000380738
326.098 -0.000205973
326.311 -0.00167899
326.523 -0.00127953
326.735 -0.000530537
326.948 0.00144181
327.16 -0.00142933
327.373 0.00114222
327.585 -0.000979933
327.798 0.00121711
328.01 -0.000954967
328.222 0.000942484
328.435 0.000343289
328.647 0.00131698
328.86 -0.000131074
329.073 0.00161658
329.285 -0.00102987
329.498 -0.000505571
329.71 0.00104235
329.923 -0.00132946
330.135 0.00166651
330.348 0.000842618
330.561 -0.00185376
330.773 0.00306463
330.986 0.000343289
331.199 0.000742752
331.411 -0.000605436
331.624 0.000468121
331.837 -0.00058047
332.05 4.36913e-05
332.262 -0.000530537
332.475 -0.000280873
332.688 -0.000131074
332.901 0.00149175
333.114 0.000667853
333.326 0.000817651
333.539 0.000343289
333.752 -8.1141e-05
333.965 -0.000480604
334.178 0.00101738
334.391 -5.61745e-05
334.604 6.86577e-05
334.817 0.000118591
335.029 0.00061792
335.242 0.000518054
335.455 0.000243423
335.668 -0.000530537
335.881 0.00106732
336.094 0.000318322
336.307 0.00134195
336.52 0.000343289
336.733 -0.000655369
336.947 -0.000480604
337.16 -0.000330805
337.373 -0.00245295
337.586 0.000742752
337.799 0.000218456
338.012 0.00111725
338.225 -0.000480604
338.438 -0.00112973
338.652 0.000418188
338.865 0.00261524
339.078 0.00019349
339.291 0.00269014
339.504 -0.000555504
339.718 0.000318322
339.931 0.000567987
340.144 -5.61745e-05
340.357 0.000667853
340.571 0.00166651
340.784 0.00111725
340.997 0.000168524
341.211 4.36913e-05
341.424 0.000817651
341.637 0.00061792
341.851 0.00186624
342.064 -0.00023094
342.278 0.000742752
342.491 -0.00265269
342.705 0.000293356
342.918 0.00019349
343.131 0.000742752
343.345 0.000692819
343.558 0.000418188
343.772 -0.00093
343.986 0.000118591
344.199 0.000218456
344.413 0.000942484
344.626 0.000268389
344.84 0.00114222
345.053 0.000942484
345.267 6.86577e-05
345.481 -0.000455638
345.694 0.00176638
345.908 -0.000455638
346.122 0.00246544
346.335 -0.000505571
346.549 0.00134195
346.763 -0.00093
346.976 -0.000880067
347.19 0.000667853
347.404 -0.000355772
347.618 -0.000505571
347.831 0.00244047
348.045 0.00124208
348.259 0.00114222
348.473 0.00126705
348.687 0.000917517
348.901 -0.000355772
349.114 0.00246544
349.328 0.000817651
349.542 0.000917517
349.756 0.00194114
349.97 -0.000255906
350.184 6.86577e-05
350.398 0.00131698
350.612 -0.00165403
350.826 0.00114222
351.04 -0.00197859
351.254 -0.000480604
351.468 0.000143557
351.682 0.00194114
351.896 0.00124208
352.11 0.00101738
352.324 0.000518054
352.538 0.000642886
352.752 0.000717785
352.966 0.000343289
353.18 0.000343289
353.395 -0.000905034
353.609 0.00136691
353.823 0.00096745
354.037 -0.000680336
354.251 -0.00132946
354.465 0.000468121
354.68 -0.000181007
354.894 -0.00117966
355.108 0.00154168
355.322 4.36913e-05
355.537 0.000468121
355.751 -0.000280873
355.965 0.00144181
356.18 0.000917517
356.394 0.000518054
356.608 -5.61745e-05
356.823 -0.00125456
357.037 0.000318322
357.251 -6.24161e-06
357.466 -8.1141e-05
357.68 0.000143557
357.895 -0.000255906
358.109 -0.00155416
358.324 -8.1141e-05
358.538 0.00191618
358.753 -0.000855101
358.967 0.000243423
359.182 -0.000280873
359.396 0.000717785
359.611 -0.000330805
359.825 0.000717785
360.04 -0.0010798
360.254 0.00154168
360.469 0.00114222
360.684 0.00251537
360.898 -0.000880067
361.113 0.00154168
361.328 -0.000280873
361.542 0.000742752
361.757 -0.000455638
361.972 0.00194114
362.186 -0.000280873
362.401 0.00201604
362.616 0.000118591
362.83 0.000243423
363.045 0.00114222
363.26 0.00096745
363.475 0.00171644
363.69 0.00231564
363.904 0.00154168
364.119 -0.000855101
364.334 0.000268389
364.549 0.00151671
364.764 -0.000855101
364.979 -6.24161e-06
365.194 6.86577e-05
365.409 -0.00120463
365.623 0.00124208
365.838 -5.61745e-05
366.053 0.000343289
366.268 0.00206597
366.483 0.000318322
366.698 0.000667853
366.913 0.000892551
367.128 -8.1141e-05
367.343 0.000218456
367.558 0.00114222
367.774 -0.000205973
367.989 0.000268389
368.204 -0.000455638
368.419 -0.000979933
368.634 0.000717785
368.849 4.36913e-05
369.064 0.00106732
369.279 0.00154168
369.495 -0.0010798
369.71 0.00186624
369.925 0.000468121
370.14 -5.61745e-05
370.355 -0.0010049
370.571 0.000817651
370.786 -0.000655369
371.001 0.00101738
371.216 0.00111725
371.432 0.00164154
371.647 0.00136691
371.862 0.000318322
372.078 -0.000680336
372.293 0.00131698
372.508 -0.00187873
372.724 0.000642886
372.939 -0.000205973
373.155 -0.000530537
373.37 -0.000855101
373.585 0.00061792
373.801 -0.000855101
374.016 -0.000280873
374.232 -0.000480604
374.447 0.00096745
374.663 -0.000755235
374.878 -0.000131074
375.094 -0.000680336
375.309 0.00246544
375.525 0.00154168
375.741 0.00186624
375.956 6.86577e-05
376.172 0.00141685
376.387 -8.1141e-05
376.603 0.000118591
376.819 0.00114222
377.034 -0.000330805
377.25 -0.000455638
377.466 4.36913e-05
377.681 0.00019349
377.897 0.000817651
378.113 -0.000954967
378.329 -5.61745e-05
378.544 -0.000730269
378.76 -0.000630403
378.976 -0.00127953
379.192 0.00101738
379.407 0.00171644
379.623 0.000518054
379.839 -0.00150423
380.055 0.000817651
380.271 0.00019349
380.487 -0.0010798
380.703 0.00054302
380.918 -0.00058047
381.134 -0.000131074
381.35 0.00174141
381.566 0.00174141
381.782 0.000468121
381.998 0.000118591
382.214 0.00134195
382.43 -0.000455638
382.646 0.00151671
382.862 -0.000855101
383.078 -0.00125456
383.294 0.00129201
383.51 0.000817651
383.726 0.00101738
383.942 -0.000280873
384.159 -0.000131074
384.375 -0.000455638
384.591 0.000518054
384.807 0.000742752
385.023 0.000817651
385.239 -0.000630403
385.455 -0.00215336
385.672 0.00114222
385.888 -0.000455638
386.104 1.87248e-05
386.32 -0.000530537
386.537 0.000867584
386.753 -0.000181007
386.969 0.00131698
387.185 -0.000380738
387.402 0.00211591
387.618 6.86577e-05
387.834 -0.00167899
388.051 0.0066598
388.267 0.00176638
388.483 0.00136691
388.7 -0.000455638
388.916 0.000168524
389.133 -5.61745e-05
389.349 -0.000855101
389.565 0.000567987
389.782 0.000218456
389.998 -0.0010798
390.215 -0.000330805
390.431 -0.000979933
390.648 0.00019349
390.864 0.00061792
391.081 0.00151671
391.297 -0.000680336
391.514 -0.000905034
391.731 0.000717785
391.947 -0.000480604
392.164 0.0030896
392.38 0.000817651
392.597 0.00194114
392.814 -0.000380738
393.03 0.00194114
393.247 -0.00135443
393.464 0.000642886
393.68 0.00111725
393.897 0.000343289
394.114 0.000168524
394.331 0.000742752
394.547 -0.00058047
394.764 0.000917517
394.981 -0.0011547
395.198 -8.1141e-05
395.414 0.000992416
395.631 0.000742752
395.848 0.00151671
396.065 -0.0011547
396.282 -0.000131074
396.499 0.000917517
396.716 -0.000855101
396.932 0.000667853
397.149 -0.000181007
397.366 0.000867584
397.583 -0.00125456
397.8 0.00186624
398.017 -0.00132946
398.234 0.00136691
398.451 -0.000630403
398.668 -0.000680336
398.885 0.00146678
399.102 0.00126705
399.319 -0.00135443
399.536 0.00061792
399.753 -5.61745e-05
399.97 0.00106732
400.188 0.00176638
400.405 0.000867584
400.622 -0.000255906
400.839 0.00171644
401.056 -0.00147926
401.273 0.00111725
401.49 0.00136691
401.708 0.0024904
401.925 0.00114222
402.142 0.000667853
402.359 0.000667853
402.576 0.00151671
402.794 0.000443155
403.011 0.000218456
403.228 -0.00165403
403.446 0.00114222
403.663 -0.00093
403.88 -0.00132946
404.098 0.00306463
404.315 0.00154168
404.532 0.00146678
404.75 -0.000480604
404.967 0.00154168
405.184 0.000842618
405.402 0.000518054
405.619 0.00353899
405.837 0.000118591
406.054 0.000168524
406.272 0.00251537
406.489 0.00121711
406.707 -5.61745e-05
406.924 -0.0010798
407.142 -0.000855101
407.359 -8.1141e-05
407.577 0.00164154
407.794 0.00229067
408.012 -5.61745e-05
408.229 0.00154168
408.447 0.00161658
408.665 -0.000455638
408.882 -0.000455638
409.1 0.000343289
409.318 0.00101738
409.535 -0.000330805
409.753 -5.61745e-05
409.971 -0.000255906
410.188 -0.000455638
410.406 0.00061792
410.624 0.000143557
410.842 -5.61745e-05
411.059 0.00111725
411.277 -8.1141e-05
411.495 0.000742752
411.713 -5.61745e-05
411.931 0.00144181
412.148 0.000118591
412.366 0.00114222
412.584 -0.00127953
412.802 0.00101738
413.02 0.00061792
413.238 0.000642886
413.456 0.00121711
413.674 -0.000730269
413.891 -0.000455638
414.109 0.000318322
414.327 -0.000455638
414.545 0.00121711
414.763 0.000218456
414.981 0.000518054
415.199 1.87248e-05
415.417 6.86577e-05
415.635 0.000218456
415.853 0.00106732
416.072 0.000717785
416.29 0.00206597
416.508 -0.000255906
416.726 -0.000355772
416.944 1.87248e-05
417.162 0.000942484
417.38 -0.00102987
417.598 0.00101738
417.817 -0.000380738
418.035 0.00106732
418.253 -0.00127953
418.471 0.00154168
418.689 -0.00150423
418.908 -0.00015604
419.126 0.000218456
419.344 0.0023406
419.562 -0.00195362
419.781 0.000518054
419.999 -0.000255906
420.217 0.00101738
420.436 0.00171644
420.654 0.00114222
420.872 -0.000855101
421.091 0.000218456
421.309 1.87248e-05
421.527 0.000518054
421.746 0.00174141
421.964 0.00134195
422.183 0.00129201
422.401 -0.000405705
422.62 0.000917517
422.838 -8.1141e-05
423.057 -0.000730269
423.275 0.000468121
423.494 -0.000680336
423.712 0.00136691
423.931 0.000318322
424.149 0.00101738
424.368 -0.000455638
424.586 0.00114222
424.805 -0.000181007
425.024 0.000717785
425.242 -5.61745e-05
425.461 0.000118591
425.679 -0.000530537
425.898 0.00186624
426.117 -0.00112973
426.335 0.00131698
426.554 0.00171644
426.773 -0.00165403
426.992 6.86577e-05
427.21 0.00194114
427.429 -0.0013794
427.648 0.000243423
427.867 9.36242e-05
428.085 -0.000979933
428.304 -0.000380738
428.523 0.000842618
428.742 0.000218456
428.961 -0.0010798
429.18 0.000742752
429.398 0.000343289
429.617 0.000318322
429.836 9.36242e-05
430.055 -0.000480604
430.274 0.00134195
430.493 -0.00205349
430.712 0.00111725
430.931 -0.000181007
431.15 0.0031645
431.369 0.000992416
431.588 0.000942484
431.807 -0.00112973
432.026 -0.000655369
432.245 -0.00093
432.464 -0.000480604
432.683 0.000468121
432.902 0.000443155
433.121 -8.1141e-05
433.34 0.000143557
433.559 -0.00205349
433.778 0.00166651
433.998 -0.00102987
434.217 -0.000730269
434.436 0.00114222
434.655 0.00141685
434.874 -0.00117966
435.093 -0.000480604
435.313 -0.0013045
435.532 0.000343289
435.751 -0.000455638
435.97 0.00104235
436.19 -0.000530537
436.409 0.000717785
436.628 -0.000280873
436.848 -0.00058047
437.067 -0.00165403
437.286 0.00184128
437.506 0.00144181
437.725 -0.00127953
437.944 6.86577e-05
438.164 -5.61745e-05
438.383 0.00219081
438.602 -0.000380738
438.822 -0.000280873
439.041 -5.61745e-05
439.261 -0.0013794
439.48 -0.000630403
439.7 -0.000205973
439.919 -0.000131074
440.139 -0.000979933
440.358 -0.000181007
440.578 -0.00142933
440.797 0.00254034
441.017 0.000418188
441.236 0.000867584
441.456 0.00124208
441.676 -0.000330805
441.895 -0.00217832
442.115 0.00061792
442.334 0.000667853
442.554 -0.000455638
442.774 0.00174141
442.993 0.000443155
443.213 -0.000979933
443.433 0.00181631
443.652 -0.000755235
443.872 0.00154168
444.092 0.00114222
444.312 0.000243423
444.531 -0.00217832
444.751 0.00111725
444.971 0.000567987
445.191 -5.61745e-05
445.411 -0.000605436
445.63 0.00216584
445.85 -0.000380738
446.07 0.0027151
446.29 0.00126705
446.51 0.000118591
446.73 0.00124208
446.95 0.00061792
447.17 -0.000855101
447.389 0.00181631
447.609 -0.00165403
447.829 0.000917517
448.049 -0.000280873
448.269 0.000892551
448.489 0.00061792
448.709 0.00106732
448.929 0.000468121
449.149 0.000318322
449.369 -0.000380738
449.589 0.00154168
449.809 0.00206597
450.03 -0.000855101
450.25 0.00114222
450.47 0.000567987
450.69 -0.000505571
450.91 -0.000131074
451.13 0.00141685
451.35 0.00239054
451.57 0.00104235
451.791 0.00151671
452.011 -0.000181007
452.231 0.000717785
452.451 -0.000330805
452.672 0.000268389
452.892 0.000518054
453.112 0.0024155
453.332 0.000243423
453.553 0.00211591
453.773 -0.00220329
453.993 6.86577e-05
454.213 -0.000480604
454.434 -0.000380738
454.654 0.00096745
454.875 0.00136691
455.095 -0.00102987
455.315 0.00204101
455.536 -0.00102987
455.756 0.00124208
455.977 0.000318322
456.197 0.000318322
456.417 -0.00165403
456.638 -0.000280873
456.858 0.000343289
457.079 0.00328933
457.299 -0.000730269
457.52 0.00101738
457.74 -0.000131074
457.961 0.00096745
458.181 0.00266517
458.402 -0.000181007
458.623 -0.000131074
458.843 0.00149175
459.064 0.00174141
459.284 0.000468121
459.505 -0.000530537
459.726 0.00201604
459.946 -0.000855101
460.167 0.00061792
460.388 0.000468121
460.608 0.00184128
460.829 -0.00102987
461.05 -0.000455638
461.271 -0.000455638
461.491 0.000343289
461.712 0.00114222
461.933 0.00114222
462.154 0.000567987
462.374 0.000143557
462.595 0.000742752
462.816 -0.00112973
463.037 0.000917517
463.258 0.00106732
463.478 0.000917517
463.699 0.00114222
463.92 0.000168524
464.141 -0.000330805
464.362 0.00061792
464.583 -0.000655369
464.804 0.00251537
465.025 -0.00165403
465.246 0.00141685
465.467 -0.00058047
465.688 -0.000755235
465.909 0.00353899
466.13 0.00176638
466.351 -0.000530537
466.572 0.000742752
466.793 0.000143557
467.014 6.86577e-05
467.235 -0.00093
467.456 0.000867584
467.677 -0.0013045
467.898 0.00251537
468.119 -5.61745e-05
468.341 0.000742752
468.562 -0.000680336
468.783 0.00254034
469.004 -0.000555504
469.225 0.00131698
469.446 0.000343289
469.668 -0.000630403
469.889 0.000992416
470.11 0.000518054
470.331 0.000243423
470.553 0.000642886
470.774 -0.000280873
470.995 0.000318322
471.216 0.000667853
471.438 -0.000730269
471.659 -0.00165403
471.88 0.000343289
472.102 -0.00093
472.323 -8.1141e-05
472.544 0.000268389
472.766 0.000243423
472.987 0.00166651
473.209 -0.000455638
473.43 0.00121711
473.651 -5.61745e-05
473.873 0.000218456
474.094 0.000667853
474.316 -0.00112973
474.537 -0.000730269
474.759 0.000118591
474.98 0.00166651
475.202 -0.00117966
475.423 0.000118591
475.645 0.00141685
475.866 0.00194114
476.088 -0.00102987
476.31 0.000243423
476.531 0.000418188
476.753 0.0023406
476.974 0.000418188
477.196 0.000692819
477.418 0.00104235
477.639 0.000867584
477.861 6.86577e-05
478.083 0.000343289
478.304 -0.00023094
478.526 0.00186624
478.748 -0.00105483
478.97 0.00216584
479.191 -0.00187873
479.413 -0.0014543
479.635 -0.00167899
479.857 0.00101738
480.078 -0.000605436
480.3 0.00246544
480.522 0.00174141
480.744 0.000143557
480.966 0.000218456
481.188 0.000443155
481.41 0.000742752
481.631 -0.000680336
481.853 6.86577e-05
482.075 0.000518054
482.297 -0.0011547
482.519 0.00179134
482.741 0.000218456
482.963 0.00114222
483.185 0.00131698
483.407 -5.61745e-05
483.629 0.000243423
483.851 0.000493087
484.073 0.000343289
484.295 0.000468121
484.517 0.000867584
484.739 0.00136691
484.961 0.000268389
485.183 0.000468121
485.405 -0.000181007
485.627 0.00121711
485.85 -0.000181007
486.072 -0.000855101
486.294 0.000118591
486.516 0.00151671
486.738 -0.000181007
486.96 0.00114222
487.183 0.000168524
487.405 0.000667853
487.627 0.000942484
487.849 0.00174141
488.071 -0.0011547
488.294 -0.00157913
488.516 -0.00185376
488.738 -0.000255906
488.961 0.000468121
489.183 0.00194114
489.405 0.00104235
489.628 -0.000280873
489.85 0.000942484
490.072 -0.000181007
490.295 -0.000630403
490.517 0.000343289
490.739 -0.000555504
490.962 0.000742752
491.184 0.00119215
491.407 0.00154168
491.629 -0.000305839
491.851 -0.00117966
492.074 0.00101738
492.296 0.000817651
492.519 0.000143557
492.741 0.00211591
492.964 -0.000780202
493.186 -0.000480604
493.409 1.87248e-05
493.632 0.000343289
493.854 -0.000855101
494.077 -0.000131074
494.299 -8.1141e-05
494.522 0.00096745
494.745 -0.000330805
494.967 -0.000555504
495.19 0.000318322
495.412 6.86577e-05
495.635 0.000567987
495.858 0.000343289
496.08 -0.000455638
496.303 0.000118591
496.526 0.000343289
496.749 0.000717785
496.971 1.87248e-05
497.194 0.000343289
497.417 0.000667853
497.64 -0.000455638
497.862 -0.00205349
498.085 0.000318322
498.308 0.000443155
498.531 0.00166651
498.754 0.000143557
498.976 0.00211591
499.199 0.00141685
499.422 0.000742752
499.645 0.00101738
499.868 0.00114222
500.091 -0.000855101
500.314 0.00114222
500.537 0.000143557
500.76 0.00101738
500.983 0.000343289
501.206 0.000243423
501.429 -8.1141e-05
501.652 0.00061792
501.875 -0.00127953
502.098 0.000343289
502.321 0.000742752
502.544 0.00161658
502.767 0.000143557
502.99 0.00171644
503.213 -0.0011547
503.436 0.00211591
503.659 0.00061792
503.882 0.000567987
504.105 -0.000855101
504.328 -0.000131074
504.552 0.00206597
504.775 0.00124208
504.998 -0.00205349
505.221 -5.61745e-05
505.444 0.000218456
505.668 0.00151671
505.891 0.000817651
506.114 -5.61745e-05
506.337 -0.000380738
506.561 0.000218456
506.784 0.000268389
507.007 -0.000181007
507.23 -0.00110477
507.454 -0.000680336
507.677 -8.1141e-05
507.9 -0.000954967
508.124 -0.000455638
508.347 0.00126705
508.57 0.00124208
508.794 0.00274007
509.017 0.000567987
509.241 0.00111725
509.464 0.000842618
509.688 0.000118591
509.911 4.36913e-05
510.134 -0.000455638
510.358 -0.0010798
510.581 0.00151671
510.805 -5.61745e-05
511.028 0.00111725
511.252 -0.00125456
511.475 0.00096745
511.699 0.00111725
511.923 0.00114222
512.146 0.000268389
512.37 0.00121711
512.593 -0.000855101
512.817 0.00106732
513.04 0.00134195
513.264 -0.00182879
513.488 -0.0011547
513.711 0.000418188
513.935 -0.000480604
514.159 0.00146678
514.382 0.000567987
514.606 0.00206597
514.83 -0.00058047
515.054 0.00096745
515.277 0.000143557
515.501 0.000168524
515.725 -0.000655369
515.949 -0.000855101
516.172 -0.000355772
516.396 0.000567987
516.62 -0.000979933
516.844 0.000418188
517.068 -0.000530537
517.291 0.000667853
517.515 0.000917517
517.739 0.000667853
517.963 0.000742752
518.187 0.000917517
518.411 0.00131698
518.635 -0.000330805
518.859 0.000218456
519.083 0.000592953
519.307 0.000667853
519.531 -0.0013794
519.754 0.00194114
519.978 -0.0010798
520.202 0.000143557
520.426 -0.000131074
520.651 0.00251537
520.875 -5.61745e-05
521.099 0.000343289
521.323 0.000218456
521.547 0.000692819
521.771 0.000318322
521.995 4.36913e-05
522.219 0.00061792
522.443 -0.000680336
522.667 -0.000181007
522.891 0.00096745
523.116 -0.000131074
523.34 0.000268389
523.564 -0.000530537
523.788 0.00121711
524.012 9.36242e-05
524.237 0.00114222
524.461 -0.000455638
524.685 0.000343289
524.909 0.000518054
525.134 -0.000280873
525.358 0.000742752
525.582 0.000168524
525.806 -0.00110477
526.031 -0.00093
526.255 -8.1141e-05
526.479 0.000742752
526.704 0.000143557
526.928 0.00194114
527.152 -8.1141e-05
527.377 -0.000780202
527.601 -0.00093
527.826 -0.00190369
528.05 -0.00247792
528.274 0.000867584
528.499 -0.000480604
528.723 0.00154168
528.948 0.000842618
529.172 0.00131698
529.397 -0.00102987
529.621 -5.61745e-05
529.846 4.36913e-05
530.07 0.00141685
530.295 0.00191618
530.519 0.00134195
530.744 -0.00093
530.969 -0.000680336
531.193 -0.000755235
531.418 -0.000330805
531.642 6.86577e-05
531.867 0.00126705
532.092 0.00019349
532.316 0.00114222
532.541 0.000243423
532.766 0.00171644
532.99 1.87248e-05
533.215 -0.000181007
533.44 0.00186624
533.664 0.000518054
533.889 0.000642886
534.114 1.87248e-05
534.339 0.00121711
534.563 0.00121711
534.788 0.0023406
535.013 0.00114222
535.238 0.00186624
535.463 0.00121711
535.687 0.000343289
535.912 0.00136691
536.137 -0.000655369
536.362 0.000118591
536.587 0.000118591
536.812 0.00061792
537.037 -0.000979933
537.261 0.00121711
537.486 -0.000655369
537.711 -0.000480604
537.936 -0.000979933
538.161 0.000942484
538.386 -0.00147926
538.611 0.00151671
538.836 -0.000280873
539.061 0.000468121
539.286 -0.00155416
539.511 0.000343289
539.736 0.000817651
539.961 0.000817651
540.186 -0.000630403
540.411 0.000418188
540.636 -0.00023094
540.862 6.86577e-05
541.087 0.00101738
541.312 0.000717785
541.537 -0.000280873
541.762 -0.000380738
541.987 -0.00102987
542.212 0.00061792
542.438 -5.61745e-05
542.663 0.00164154
542.888 -0.000855101
543.113 -0.000880067
543.338 0.000268389
543.564 -0.000530537
543.789 -8.1141e-05
544.014 0.000642886
544.239 1.87248e-05
544.465 0.00226571
544.69 0.00154168
544.915 0.00114222
545.141 -0.000730269
545.366 0.00231564
545.591 0.00488718
545.817 -0.000455638
546.042 0.000143557
546.267 0.000218456
546.493 6.86577e-05
546.718 -0.00127953
546.944 -0.000755235
547.169 -0.000455638
547.394 0.000318322
547.62 0.000642886
547.845 0.000518054
548.071 -8.1141e-05
548.296 0.000667853
548.522 -0.000630403
548.747 0.000343289
548.973 -0.000730269
549.198 -0.000455638
549.424 0.000742752
549.649 0.000518054
549.875 0.000318322
550.101 -8.1141e-05
550.326 0.00101738
550.552 -0.00117966
550.777 -0.00093
551.003 0.000118591
551.229 0.00101738
551.454 0.000742752
551.68 -0.000555504
551.906 0.00111725
552.131 0.00061792
552.357 -0.000280873
552.583 0.000717785
552.808 0.00166651
553.034 0.000168524
553.26 -0.000979933
553.486 0.00134195
553.711 0.00244047
553.937 -0.000181007
554.163 0.000667853
554.389 0.00161658
554.615 -0.00147926
554.84 0.00054302
555.066 0.00136691
555.292 0.00174141
555.518 -0.00093
555.744 -0.000355772
555.97 0.00403832
556.196 0.00096745
556.421 -0.0010798
556.647 0.00164154
556.873 -0.00147926
557.099 -0.000480604
557.325 -0.000979933
557.551 0.000218456
557.777 4.36913e-05
558.003 0.00104235
558.229 -0.000181007
558.455 0.000742752
558.681 0.000468121
558.907 0.00164154
559.133 0.000742752
559.359 0.000343289
559.585 0.000318322
559.811 -0.000730269
560.038 1.87248e-05
560.264 0.00151671
560.49 0.000817651
560.716 -0.000106107
560.942 -0.00157913
561.168 1.87248e-05
561.394 -0.000480604
561.62 0.0025653
561.847 -0.00102987
562.073 -8.1141e-05
562.299 0.00186624
562.525 -0.000630403
562.751 -0.000979933
562.978 0.000717785
563.204 -0.0013794
563.43 0.00101738
563.657 -0.0010049
563.883 0.000343289
564.109 -0.000330805
564.335 0.000468121
564.562 0.000692819
564.788 0.000468121
565.014 0.00161658
565.241 -0.000455638
565.467 0.00061792
565.693 0.0030896
565.92 0.00144181
566.146 -0.00015604
566.373 0.000293356
566.599 0.00164154
566.826 0.000567987
567.052 -0.000530537
567.278 -0.000780202
567.505 0.000268389
567.731 0.00111725
567.958 4.36913e-05
568.184 -0.000380738
568.411 -0.000905034
568.637 0.00159161
568.864 0.000318322
569.091 -0.00177886
569.317 0.00176638
569.544 -0.000181007
569.77 0.00191618
569.997 -0.000555504
570.223 0.000942484
570.45 -0.00093
570.677 0.00101738
570.903 0.00194114
571.13 0.00126705
571.357 -0.00102987
571.583 -0.000480604
571.81 0.000168524
572.037 0.000867584
572.263 -0.000680336
572.49 0.000867584
572.717 1.87248e-05
572.944 -0.000330805
573.17 0.000468121
573.397 0.00106732
573.624 0.000468121
573.851 0.000667853
574.078 0.000892551
574.304 0.00139188
574.531 -0.000480604
574.758 0.000293356
574.985 0.00154168
575.212 0.00166651
575.439 0.00114222
575.665 0.00061792
575.892 -0.00125456
576.119 0.00251537
576.346 -0.000106107
576.573 0.000667853
576.8 0.000567987
577.027 0.000642886
577.254 0.00109228
577.481 -8.1141e-05
577.708 0.00134195
577.935 -0.000455638
578.162 -0.00125456
578.389 -0.000106107
578.616 0.000518054
578.843 0.00154168
579.07 0.000468121
579.297 0.0029398
579.524 0.000817651
579.751 0.00154168
579.978 0.00154168
580.206 0.00136691
580.433 -0.000530537
580.66 0.000218456
580.887 9.36242e-05
581.114 0.000742752
581.341 0.000418188
581.568 -0.00147926
581.796 0.000567987
582.023 -0.000280873
582.25 0.00224074
582.477 0.000243423
582.704 0.000168524
582.932 0.00019349
583.159 -0.00165403
583.386 -0.00015604
583.614 0.00274007
583.841 -0.000855101
584.068 0.00174141
584.295 0.00109228
584.523 0.00184128
584.75 0.000518054
584.977 -0.000455638
585.205 0.00104235
585.432 -0.000280873
585.66 -0.000630403
585.887 -0.000380738
586.114 0.00184128
586.342 0.00261524
586.569 0.000742752
586.797 0.00054302
587.024 -0.00197859
587.252 0.000293356
587.479 -0.000305839
587.707 0.00134195
587.934 0.000742752
588.162 0.000642886
588.389 -0.00305215
588.617 0.00191618
588.844 0.00096745
589.072 -0.000680336
589.299 0.000418188
589.527 -0.00177886
589.754 -0.000730269
589.982 -5.61745e-05
590.21 0.00136691
590.437 0.00121711
590.665 0.000567987
590.892 0.00181631
591.12 0.000343289
591.348 -5.61745e-05
591.575 0.000243423
591.803 0.000218456
592.031 0.000218456
592.259 0.00254034
592.486 0.000318322
592.714 0.00221577
592.942 0.00144181
593.169 -0.00023094
593.397 -0.000855101
593.625 0.00181631
593.853 -0.0010798
594.081 -0.000855101
594.308 -0.0013794
594.536 0.000667853
594.764 0.000468121
594.992 0.00131698
595.22 -0.000555504
595.448 0.0027151
595.676 0.000867584
595.903 0.00114222
596.131 -0.00015604
596.359 -0.000880067
596.587 0.000118591
596.815 0.0027151
597.043 1.87248e-05
597.271 -5.61745e-05
597.499 -0.00205349
597.727 -0.0013794
597.955 0.00061792
598.183 0.00114222
598.411 0.00176638
598.639 0.00216584
598.867 0.000268389
599.095 -0.000979933
599.323 0.000218456
599.551 -0.000181007
599.779 -0.000330805
600.007 0.00121711
600.235 0.00174141
600.464 0.000343289
600.692 -5.61745e-05
600.92 0.00206597
601.148 -0.000780202
601.376 0.000318322
601.604 -0.000530537
601.832 1.87248e-05
602.061 -0.00093
602.289 -0.000480604
602.517 -0.000380738
602.745 6.86577e-05
602.973 -0.000380738
603.202 0.00129201
603.43 -0.000355772
603.658 -0.000255906
603.887 0.000243423
604.115 0.00109228
604.343 -0.000805168
604.571 0.00061792
604.8 0.000892551
605.028 -0.000555504
605.256 -0.00023094
605.485 0.000917517
605.713 0.00019349
605.942 0.000518054
606.17 0.00114222
606.398 -0.000530537
606.627 0.000518054
606.855 0.00104235
607.084 -0.00165403
607.312 0.00114222
607.541 -0.00023094
607.769 0.000518054
607.997 -0.000979933
608.226 -0.000480604
608.454 0.00104235
608.683 0.00181631
608.911 -0.00157913
609.14 0.00216584
609.369 -0.00205349
609.597 0.00131698
609.826 0.000268389
610.054 0.000518054
610.283 -0.00147926
610.511 0.0024155
610.74 -0.00112973
610.969 -0.000730269
611.197 -0.000305839
611.426 4.36913e-05
611.655 0.000343289
611.883 -0.000330805
612.112 0.000268389
612.341 -0.000455638
612.569 -0.00245295
612.798 0.00121711
613.027 -0.000480604
613.255 0.00111725
613.484 -0.000106107
613.713 -0.000280873
613.942 0.000143557
614.171 -0.000131074
614.399 0.000642886
614.628 0.00129201
614.857 -0.00117966
615.086 0.000418188
615.315 -0.000330805
615.543 -0.000131074
615.772 -0.00142933
616.001 1.87248e-05
616.23 -0.000730269
616.459 0.00134195
616.688 -0.00023094
616.917 0.00054302
617.146 -0.00132946
617.375 0.00154168
617.603 0.000143557
617.832 0.000343289
618.061 -0.000680336
618.29 -0.000106107
618.519 0.000468121
618.748 -8.1141e-05
618.977 0.000518054
619.206 0.00186624
619.435 0.000418188
619.664 -0.00147926
619.893 -0.00165403
620.123 0.00161658
620.352 -0.0010049
620.581 0.000742752
620.81 0.000468121
621.039 -0.00015604
621.268 -0.000355772
621.497 -0.000905034
621.726 0.000842618
621.955 0.000817651
622.185 0.000742752
622.414 0.00121711
622.643 0.00126705
622.872 4.36913e-05
623.101 6.86577e-05
623.331 0.000468121
623.56 -0.00225322
623.789 0.00281497
624.018 0.00101738
624.248 0.000168524
624.477 -0.000455638
624.706 -0.000280873
624.935 -0.000605436
625.165 -8.1141e-05
625.394 0.00154168
625.623 0.00146678
625.853 0.000518054
626.082 0.000817651
626.311 -0.000131074
626.541 0.000742752
626.77 -0.000480604
626.999 -0.00140436
627.229 0.000917517
627.458 6.86577e-05
627.688 0.00219081
627.917 0.000742752
628.147 0.000468121
628.376 -8.1141e-05
628.605 -0.00125456
628.835 0.00179134
629.064 0.00111725
629.294 -0.00023094
629.523 0.00019349
629.753 -0.0010798
629.982 0.00126705
630.212 0.000742752
630.442 6.86577e-05
630.671 -0.000880067
630.901 0.000218456
631.13 -8.1141e-05
631.36 -0.00058047
631.59 0.00181631
631.819 0.000742752
632.049 -0.000680336
632.278 0.00101738
632.508 -0.000855101
632.738 -8.1141e-05
632.967 -0.000780202
633.197 -0.000605436
633.427 0.000143557
633.656 -8.1141e-05
633.886 0.000518054
634.116 0.000168524
634.346 0.000892551
634.575 0.00096745
634.805 0.00111725
635.035 0.000218456
635.265 0.000592953
635.494 0.00201604
635.724 0.00106732
635.954 0.00096745
636.184 0.000118591
636.414 0.000842618
636.644 0.000742752
636.873 0.00224074
637.103 -0.000181007
637.333 0.0023406
637.563 -0.00207846
637.793 0.000742752
638.023 -0.000880067
638.253 0.000567987
638.483 -0.00165403
638.713 0.00176638
638.943 -0.000655369
639.173 0.000318322
639.402 0.00054302
639.632 0.000343289
639.862 0.00106732
640.092 0.000717785
640.322 0.00141685
640.552 0.00101738
640.783 -0.000680336
641.013 0.00154168
641.243 0.000143557
641.473 0.00216584
641.703 -0.000330805
641.933 -0.000181007
642.163 0.000742752
642.393 -5.61745e-05
642.623 -0.00058047
642.853 0.00313953
643.083 1.87248e-05
643.314 0.00061792
643.544 -0.000856019
643.774 -0.00195457
644.004 0.000346999
644.234 0.00177069
644.465 0.000869921
644.695 0.000594185
644.925 0.000221654
645.155 0.000467481
645.385 0.000268137
645.616 -0.000457452
645.846 -0.001033
646.076 0.00243714
646.307 -0.000756153
646.537 6.84168e-05
646.767 0.000347675
646.998 0.00150565
647.228 -0.00125023
647.458 0.00247618
647.689 0.00127886
647.919 0.000624761
648.149 0.000636807
648.38 -0.000626373
648.61 0.00174164
648.84 0.000426061
649.071 -0.000190164
649.301 -0.000488075
649.532 -0.000986568
649.762 0.000389464
649.993 -0.00148996
650.223 0.00142402
650.454 -0.00136816
650.684 -0.000198947
650.915 0.00018511
651.145 0.000183881
651.376 -0.00136657
651.606 -0.00142739
651.837 0.000341947
652.067 0.000659155
652.298 -0.00100837
652.528 -0.00106452
652.759 0.000995685
652.99 0.000292101
653.22 -0.000543177
653.451 0.00287082
653.682 0.00065176
653.912 0.000983249
654.143 -0.000133501
654.373 0.00148451
654.604 -0.000373526
654.835 0.00109791
655.066 0.000337681
655.296 0.00140316
655.527 -0.00067333
655.758 -0.00223877
655.988 0.00153597
656.219 0.00232918
656.45 -0.00165562
656.681 0.00164609
656.911 -0.000603215
657.142 0.00074128
657.373 -0.00274672
657.604 0.0015241
657.835 0.00152393
658.066 0.00144661
658.296 0.000565377
658.527 0.001122
658.758 -0.000230803
658.989 0.00021757
659.22 0.000818716
659.451 -0.00045282
659.682 -0.00167586
659.913 0.000824125
660.143 -0.000279227
660.374 0.00120895
660.605 -0.000231378
660.836 0.00106629
661.067 0.000741731
661.298 0.0018536
661.529 -0.000853384
661.76 -0.000280406
661.991 -0.000679141
662.222 -5.59384e-05
662.453 0.0015286
662.684 -0.000531736
662.915 -0.00023094
663.146 0.000742752
663.378 -0.000979933
663.609 0.00206597
663.84 0.000268389
664.071 0.00266517
664.302 -0.0013794
664.533 0.000168524
664.764 0.000343289
664.995 0.000917517
665.227 0.00141685
665.458 0.000218456
665.689 -5.61745e-05
665.92 0.00134195
666.151 -0.0015292
666.382 0.000418188
666.614 0.00189121
666.845 0.0025653
667.076 -0.000979933
667.307 -0.000954967
667.539 4.36913e-05
667.77 0.000717785
668.001 0.000867584
668.233 -5.61745e-05
668.464 0.00174141
668.695 0.00171644
668.926 0.00206597
669.158 0.00114222
669.389 0.00054302
669.62 0.00109228
669.852 -0.000181007
670.083 0.00154168
670.315 -5.61745e-05
670.546 -8.1141e-05
670.777 1.87248e-05
671.009 -0.000455638
671.24 0.000343289
671.472 -8.1141e-05
671.703 -8.1141e-05
671.935 -0.000480604
672.166 0.000642886
672.398 -0.00058047
672.629 0.00146678
672.861 0.000842618
673.092 -0.000880067
673.324 -0.000280873
673.555 0.000867584
673.787 0.00171644
674.018 0.000917517
674.25 -0.00125456
674.481 0.000268389
674.713 -8.1141e-05
674.945 -0.0010798
675.176 -0.00117966
675.408 -0.000680336
675.639 0.000418188
675.871 0.000842618
676.103 1.87248e-05
676.334 -5.61745e-05
676.566 0.00211591
676.798 -0.00023094
677.029 0.000468121
677.261 0.000343289
677.493 -0.00205349
677.724 0.00226571
677.956 -0.000455638
678.188 -0.000305839
678.42 0.00139188
678.651 0.000118591
678.883 0.000268389
679.115 0.000917517
679.347 0.00176638
679.579 -0.00142933
679.81 -5.61745e-05
680.042 -0.000131074
680.274 0.00061792
680.506 -0.00117966
680.738 0.000443155
680.97 0.000842618
681.201 -0.0015292
681.433 -0.00023094
681.665 -0.000880067
681.897 6.86577e-05
682.129 -0.00023094
682.361 0.00146678
682.593 0.00179134
682.825 0.00311456
683.057 -0.000855101
683.289 -0.00127953
683.521 0.000817651
683.753 -0.00170396
683.985 -0.000255906
684.217 -0.000730269
684.449 -0.00125456
684.681 0.00104235
684.913 0.00211591
685.145 0.000518054
685.377 0.00176638
685.609 0.000343289
685.841 0.00136691
686.073 -0.000480604
686.305 -0.000330805
686.537 -0.00225322
686.769 -0.00023094
687.002 -0.000455638
687.234 -0.000280873
687.466 0.000917517
687.698 0.000917517
687.93 0.00164154
688.162 -0.000181007
688.395 -0.000855101
688.627 0.00124208
688.859 -0.0013794
689.091 0.000268389
689.323 -0.000755235
689.556 0.000742752
689.788 -0.0010798
690.02 -0.000106107
690.252 0.000268389
690.485 0.00141685
690.717 -5.61745e-05
690.949 0.000343289
691.182 -0.000480604
691.414 0.000118591
691.646 -0.00165403
691.879 0.00186624
692.111 0.00131698
692.343 0.00114222
692.576 -0.00227819
692.808 0.0023406
693.041 0.000218456
693.273 0.00166651
693.505 0.00096745
693.738 0.000393222
693.97 0.0025653
694.203 -0.00093
694.435 -0.000979933
694.668 0.000892551
694.9 0.00154168
695.133 1.87248e-05
695.365 -0.00182879
695.598 -0.00132946
695.83 0.00181631
696.063 -0.00247792
696.295 0.00124208
696.528 -0.000855101
696.76 0.000418188
696.993 0.000742752
697.225 0.000218456
697.458 -0.0010798
697.691 6.86577e-05
697.923 -0.000979933
698.156 -0.000355772
698.388 -0.00127953
698.621 0.000518054
698.854 0.00194114
699.086 0.00179134
699.319 -0.000780202
699.552 -0.000954967
699.784 -0.000455638
700.017 0.00134195
700.25 -0.000780202
700.482 0.000118591
700.715 0.000942484
700.948 0.00111725
701.181 -0.00367631
701.413 -0.00058047
701.646 0.00136691
701.879 -0.000880067
702.112 0.00054302
702.345 -0.000555504
702.577 -0.000106107
702.81 0.000318322
703.043 0.000468121
703.276 -0.000979933
703.509 -0.00125456
703.742 0.000218456
703.974 -0.00110477
704.207 -0.000205973
704.44 1.87248e-05
704.673 -0.000630403
704.906 0.00201604
705.139 0.000268389
705.372 -0.000630403
705.605 0.00109228
705.838 -0.000730269
706.071 -8.1141e-05
706.304 0.000518054
706.537 0.00151671
706.77 0.000692819
707.003 0.00154168
707.236 0.00109228
707.469 0.000268389
707.702 0.00054302
707.935 0.00214087
708.168 0.00104235
708.401 0.000742752
708.634 0.00101738
708.867 -0.000455638
709.1 0.000917517
709.333 0.00246544
709.566 0.00131698
709.799 0.00321443
710.033 -0.000330805
710.266 0.00134195
710.499 0.00109228
710.732 0.000518054
710.965 0.000468121
711.198 0.00111725
711.432 -0.00142933
711.665 0.000468121
711.898 0.000667853
712.131 0.00176638
712.364 -0.000480604
712.598 -0.000530537
712.831 0.00154168
713.064 0.000118591
713.297 0.00246544
713.531 0.00101738
713.764 0.000567987
713.997 0.000917517
714.231 0.000268389
714.464 -0.000630403
714.697 0.00061792
714.931 -5.61745e-05
715.164 -0.00140436
715.397 4.36913e-05
715.631 0.000518054
715.864 0.000343289
716.097 -0.000480604
716.331 -0.000330805
716.564 -0.00105483
716.798 0.00134195
717.031 0.00578598
717.264 0.00211591
717.498 0.00181631
717.731 0.00136691
717.965 -8.1141e-05
718.198 -0.000131074
718.432 0.00131698
718.665 0.000418188
718.899 -0.000979933
719.132 0.000468121
719.366 0.000742752
719.599 0.00151671
719.833 0.00054302
720.066 0.00251537
720.3 0.000867584
720.534 -0.00182879
720.767 -0.000455638
721.001 0.00141685
721.234 0.000343289
721.468 0.00146678
721.702 -0.0014543
721.935 0.00144181
722.169 -0.000979933
722.403 0.00111725
722.636 0.0030896
722.87 0.00131698
723.104 0.0023406
723.337 0.00171644
723.571 0.00206597
723.805 0.000468121
724.038 0.00096745
724.272 -0.000181007
724.506 -0.000106107
724.74 0.00254034
724.973 -0.000680336
725.207 0.000318322
725.441 0.000343289
725.675 -0.000205973
725.909 0.000168524
726.142 0.00061792
726.376 -5.61745e-05
726.61 -0.00102987
726.844 -0.000181007
727.078 -0.00125456
727.312 -5.61745e-05
727.545 0.00131698
727.779 -0.000855101
728.013 0.000642886
728.247 -0.00058047
728.481 0.00096745
728.715 -0.000855101
728.949 0.000118591
729.183 -0.000730269
729.417 -0.00093
729.651 0.000567987
729.885 0.000518054
730.119 0.000817651
730.353 0.000268389
730.587 0.00151671
730.821 0.000917517
731.055 -0.000305839
731.289 0.000243423
731.523 -0.00093
731.757 0.000343289
731.991 -0.0010798
732.225 -0.000330805
732.459 0.000567987
732.693 -0.000305839
732.927 0.00179134
733.161 -0.000680336
733.395 -0.000880067
733.629 4.36913e-05
733.864 -0.00165403
734.098 -5.61745e-05
734.332 0.00114222
734.566 0.00114222
734.8 0.00231564
735.034 0.000343289
735.269 -0.000305839
735.503 0.00104235
735.737 0.00124208
735.971 0.000742752
736.205 -0.000181007
736.44 -0.00132946
736.674 0.000218456
736.908 0.00151671
737.142 0.00171644
737.377 0.00136691
737.611 6.86577e-05
737.845 0.000892551
738.08 0.000667853
738.314 0.00124208
738.548 -0.00147926
738.783 0.00291483
739.017 0.00144181
739.251 -0.000480604
739.486 0.00139188
739.72 0.000318322
739.954 -0.00058047
740.189 1.87248e-05
740.423 -0.000480604
740.658 0.000667853
740.892 -0.00192866
741.127 0.000642886
741.361 -0.000730269
741.595 0.000168524
741.83 -0.00058047
742.064 0.000468121
742.299 6.86577e-05
742.533 0.000118591
742.768 -0.000630403
743.002 0.00161658
743.237 0.000143557
743.471 0.000268389
743.706 -0.00102987
743.94 0.00124208
744.175 0.00111725
744.41 0.000917517
744.644 0.00054302
744.879 0.00313953
745.113 -0.00277752
745.348 0.00211591
745.583 -5.61745e-05
745.817 -0.000380738
746.052 0.000118591
746.287 0.00126705
746.521 0.00221577
746.756 0.00176638
746.99 0.00121711
747.225 0.000343289
747.46 0.000567987
747.695 -0.000855101
747.929 0.00171644
748.164 0.00191618
748.399 0.00101738
748.633 0.00174141
748.868 0.000293356
749.103 0.000518054
749.338 -0.000655369
749.573 -0.00105483
749.807 0.000567987
750.042 -0.00093
750.277 -0.000780202
750.512 -0.00015604
750.747 -0.000655369
750.981 4.36913e-05
751.216 0.000717785
751.451 0.000717785
751.686 -0.000280873
751.921 0.00114222
752.156 0.000343289
752.391 -0.000330805
752.626 0.00211591
752.86 0.000518054
753.095 -0.00140436
753.33 0.00054302
753.565 -0.00127953
753.8 0.000418188
754.035 -0.00015604
754.27 0.00121711
754.505 0.00114222
754.74 -0.00140436
754.975 0.00121711
755.21 -0.0011547
755.445 -0.000630403
755.68 -0.000455638
755.915 0.00154168
756.15 -0.00155416
756.385 0.000742752
756.62 -0.000181007
756.855 0.000293356
757.091 -0.00102987
757.326 0.00194114
757.561 -0.000280873
757.796 -0.00102987
758.031 -5.61745e-05
758.266 0.000867584
758.501 -0.000455638
758.736 6.86577e-05
758.972 0.000867584
759.207 -0.00102987
759.442 -0.0015292
759.677 -0.000455638
759.912 0.000717785
760.147 0.000742752
760.383 -0.000605436
760.618 -0.00023094
760.853 -0.000205973
761.088 0.000567987
761.324 -0.00105483
761.559 -0.000380738
761.794 0.000218456
762.029 0.000642886
762.265 -0.000979933
762.5 0.000268389
762.735 0.000642886
762.971 4.36913e-05
763.206 -0.000855101
763.441 0.000318322
763.677 0.000168524
763.912 0.00134195
764.147 -0.000530537
764.383 -0.000755235
764.618 -0.000505571
764.854 9.36242e-05
765.089 -0.0010798
765.324 -0.000380738
765.56 -0.000880067
765.795 0.00229067
766.031 0.00176638
766.266 0.00019349
766.502 0.00184128
766.737 0.00376369
766.973 -0.000181007
767.208 0.000567987
767.444 -0.00172893
767.679 -5.61745e-05
767.915 0.00206597
768.15 -0.000280873
768.386 -0.0010049
768.621 0.00194114
768.857 -0.0013045
769.092 0.000118591
769.328 0.000318322
769.563 0.000343289
769.799 0.00211591
770.035 0.000892551
770.27 -0.000181007
770.506 0.00144181
770.742 -5.61745e-05
770.977 0.000567987
771.213 -0.000730269
771.448 -0.0015292
771.684 -0.00150423
771.92 0.000268389
772.156 1.87248e-05
772.391 0.00101738
772.627 -0.000555504
772.863 0.00104235
773.098 0.00154168
773.334 0.00141685
773.57 0.00106732
773.806 -0.000181007
774.041 -0.000255906
774.277 0.000717785
774.513 -0.00142933
774.749 -0.000280873
774.984 -0.00205349
775.22 -0.000255906
775.456 -0.00225322
775.692 -0.000755235
775.928 0.000343289
776.164 -0.0010798
776.399 0.000343289
776.635 0.00114222
776.871 -0.000480604
777.107 0.000118591
777.343 0.00121711
777.579 0.000642886
777.815 0.000867584
778.051 0.00166651
778.287 1.87248e-05
778.523 0.0024155
778.758 0.00306463
778.994 -0.000530537
779.23 -5.61745e-05
779.466 0.000343289
779.702 6.86577e-05
779.938 0.00176638
780.174 -0.00142933
780.41 0.000842618
780.646 0.00191618
780.882 0.0024155
781.118 0.0024155
781.355 -0.000780202
781.591 -0.00147926
781.827 0.00146678
782.063 0.000418188
782.299 -0.000680336
782.535 -0.000455638
782.771 0.000817651
783.007 -0.000954967
783.243 0.00111725
783.479 -0.00125456
783.715 0.00131698
783.952 -0.000954967
784.188 0.00114222
784.424 0.000443155
784.66 -0.000305839
784.896 -0.00135443
785.133 -0.000455638
785.369 -8.1141e-05
785.605 0.000343289
785.841 -5.61745e-05
786.077 0.00114222
786.314 -0.000106107
786.55 0.000343289
786.786 6.86577e-05
787.022 -0.000680336
787.259 -0.00093
787.495 -0.00182879
787.731 0.00166651
787.968 0.00104235
788.204 -0.000455638
788.44 0.00216584
788.677 -0.000880067
788.913 -0.000680336
789.149 0.00096745
789.386 0.000518054
789.622 -0.000181007
789.858 -5.61745e-05
790.095 -0.000954967
790.331 1.87248e-05
790.568 4.36913e-05
790.804 0.000218456
791.04 0.000992416
791.277 -0.000480604
791.513 -0.000530537
791.75 0.00114222
791.986 -8.1141e-05
792.223 0.000318322
792.459 -0.000655369
792.696 0.000443155
792.932 -0.00093
793.169 0.00144181
793.405 -0.00185376
793.642 0.000343289
793.878 -0.000880067
794.115 0.000842618
794.351 0.00061792
794.588 0.000143557
794.824 0.000343289
795.061 -5.61745e-05
795.298 -5.61745e-05
795.534 0.00124208
795.771 0.000642886
796.007 0.000343289
796.244 0.000717785
796.481 0.00151671
796.717 0.00129201
796.954 0.0023406
797.191 0.00111725
797.427 0.00274007
797.664 -0.000205973
797.901 0.00186624
798.137 0.00096745
798.374 0.00141685
798.611 -0.000954967
798.847 -0.000280873
799.084 0.000817651
799.321 0.0029398
799.558 0.000842618
799.794 0.000867584
800.031 -0.00272758
800.268 0.000168524
800.505 -0.00210342
800.742 0.00151671
800.978 -0.000979933
801.215 0.000817651
801.452 -0.00127953
801.689 -0.000455638
801.926 -0.00023094
802.163 0.000418188
802.399 0.000518054
802.636 0.00134195
802.873 -0.00105483
803.11 0.000567987
803.347 -0.000780202
803.584 0.000717785
803.821 0.000268389
804.058 0.00224074
804.295 -0.000805168
804.532 0.00151671
804.769 -5.61745e-05
805.005 -0.000330805
805.242 -0.00157913
805.479 0.000168524
805.716 -0.000181007
805.953 -0.000280873
806.19 -0.00023094
806.427 0.00151671
806.664 -0.00058047
806.901 0.00181631
807.139 -0.00177886
807.376 -0.000480604
807.613 -0.00093
807.85 0.00109228
808.087 -0.000305839
808.324 -0.00167899
808.561 -5.61745e-05
808.798 0.00131698
809.035 0.000692819
809.272 0.000717785
809.509 0.000268389
809.747 0.00061792
809.984 -5.61745e-05
810.221 0.000917517
810.458 0.00101738
810.695 0.00154168
810.932 -0.000181007
811.17 0.00171644
811.407 0.00146678
811.644 0.000243423
811.881 0.00154168
812.118 0.00189121
812.356 0.000742752
812.593 1.87248e-05
812.83 0.00161658
813.067 -0.000730269
813.305 4.36913e-05
813.542 0.00144181
813.779 0.000842618
814.017 0.00174141
814.254 -0.000181007
814.491 0.00126705
814.728 -0.00180383
814.966 4.36913e-05
815.203 0.000218456
815.441 0.000717785
815.678 -0.00205349
815.915 -0.000755235
816.153 0.000667853
816.39 -0.000131074
816.627 0.00154168
816.865 -0.00112973
817.102 0.00194114
817.34 -0.000480604
817.577 0.000742752
817.815 -5.61745e-05
818.052 0.00126705
818.289 0.00096745
818.527 0.00134195
818.764 0.00114222
819.002 0.000468121
819.239 -0.0013794
819.477 0.00244047
819.714 0.000343289
819.952 0.000717785
820.189 0.000343289
820.427 0.000218456
820.664 -5.61745e-05
820.902 0.000418188
821.14 -0.00015604
821.377 0.00101738
821.615 0.000168524
821.852 -0.000780202
822.09 0.00096745
822.328 0.000143557
822.565 -0.00142933
822.803 0.00226571
823.04 0.00114222
823.278 0.00186624
823.516 0.00019349
823.753 0.000218456
823.991 -8.1141e-05
824.229 0.00186624
824.466 0.000842618
824.704 0.000218456
824.942 0.000518054
825.18 0.00221577
825.417 0.00146678
825.655 0.00186624
825.893 -0.00215336
826.13 0.00154168
826.368 0.00101738
826.606 -0.000480604
826.844 -0.000255906
827.082 0.00096745
827.319 0.000218456
827.557 0.000118591
827.795 -0.00205349
828.033 0.000118591
828.271 -0.00265269
828.508 0.00111725
828.746 -0.000380738
828.984 0.00214087
829.222 -0.00147926
829.46 0.00231564
829.698 0.00161658
829.936 0.000143557
830.174 0.000842618
830.411 0.000518054
830.649 4.36913e-05
830.887 -5.61745e-05
831.125 0.00124208
831.363 -0.000305839
831.601 -0.000979933
831.839 -0.000630403
832.077 0.00061792
832.315 0.000717785
832.553 -0.00205349
832.791 1.87248e-05
833.029 -0.0013794
833.267 0.00114222
833.505 -0.000755235
833.743 0.000717785
833.981 -0.000855101
834.219 0.00131698
834.457 0.00131698
834.695 0.000642886
834.933 -0.000181007
835.171 -0.000181007
835.409 -0.00125456
835.648 0.00171644
835.886 -0.00117966
836.124 -5.61745e-05
836.362 0.00194114
836.6 0.000343289
836.838 0.000243423
837.076 -0.000255906
837.314 -0.000181007
837.553 -0.000680336
837.791 -0.000880067
838.029 0.00161658
838.267 0.000567987
838.505 4.36913e-05
838.744 -0.00093
838.982 -0.000780202
839.22 6.86577e-05
839.458 0.00141685
839.697 -0.00117966
839.935 0.000343289
840.173 -0.0013794
840.411 -0.000755235
840.65 0.00194114
840.888 0.00111725
841.126 0.000268389
841.364 0.00291483
841.603 -0.000555504
841.841 0.000218456
842.079 -0.000480604
842.318 0.000143557
842.556 -0.00227819
842.794 -0.000880067
843.033 0.000917517
843.271 -0.00023094
843.51 0.00151671
843.748 -0.00155416
843.986 0.000867584
844.225 0.00176638
844.463 -0.000730269
844.702 0.000742752
844.94 -0.000755235
845.178 1.87248e-05
845.417 -0.000555504
845.655 0.00194114
845.894 -0.000880067
846.132 0.000518054
846.371 0.00226571
846.609 -0.000131074
846.848 -0.00023094
847.086 0.000318322
847.325 -0.000780202
847.563 0.000343289
847.802 0.000343289
848.04 0.000667853
848.279 -0.00015604
848.518 -0.000780202
848.756 0.000742752
848.995 0.00019349
849.233 0.00171644
849.472 -0.000605436
849.711 0.000268389
849.949 0.00131698
850.188 -0.00245295
850.426 0.000168524
850.665 -0.000954967
850.904 0.000642886
851.142 0.00211591
851.381 -0.000280873
851.62 -0.000280873
851.858 0.00224074
852.097 -0.000730269
852.336 0.00136691
852.574 -0.00177886
852.813 0.00121711
853.052 6.86577e-05
853.291 -0.000355772
853.529 -5.61745e-05
853.768 0.00096745
854.007 0.000518054
854.246 0.000642886
854.484 -0.00252785
854.723 0.000742752
854.962 -0.000131074
855.201 0.000243423
855.44 -0.000505571
855.678 0.000842618
855.917 -5.61745e-05
856.156 -0.000705302
856.395 -0.000280873
856.634 0.00151671
856.873 6.86577e-05
857.111 -0.00125456
857.35 -0.00112973
857.589 0.000168524
857.828 0.000418188
858.067 -0.000855101
858.306 0.000418188
858.545 -0.000181007
858.784 -0.00102987
859.023 0.000418188
859.262 -0.00093
859.501 0.00164154
859.74 -0.00102987
859.978 0.00201604
860.217 -0.00015604
860.456 0.000518054
860.695 0.000118591
860.934 0.00114222
861.173 -0.000131074
861.412 0.000642886
861.652 0.00054302
861.891 0.00131698
862.13 0.00179134
862.369 0.00061792
862.608 0.000717785
862.847 0.00101738
863.086 -0.000205973
863.325 0.00154168
863.564 -0.00150423
863.803 0.000567987
864.042 0.000592953
864.281 0.000742752
864.52 0.000742752
864.76 -0.0015292
864.999 0.00054302
865.238 -5.61745e-05
865.477 0.00174141
865.716 1.87248e-05
865.955 0.00111725
866.195 0.000218456
866.434 -8.1141e-05
866.673 0.00121711
866.912 0.000493087
867.151 0.00101738
867.391 -0.000455638
867.63 0.000867584
867.869 0.000343289
868.108 0.00141685
868.348 -0.00127953
868.587 0.000343289
868.826 -0.00165403
869.065 0.00226571
869.305 -0.000730269
869.544 0.000867584
869.783 0.00061792
870.023 0.000418188
870.262 -0.000905034
870.501 0.00333926
870.741 -0.00215336
870.98 0.000742752
871.219 0.00061792
871.459 0.000393222
871.698 -0.000530537
871.938 -0.000280873
872.177 -0.000330805
872.416 0.000842618
872.656 0.000343289
872.895 0.00171644
873.135 -0.000680336
873.374 0.000318322
873.613 0.000667853
873.853 0.00141685
874.092 0.000742752
874.332 0.000742752
874.571 -0.00125456
874.811 0.00194114
875.05 -0.00142933
875.29 0.00211591
875.529 0.00376369
875.769 0.00269014
876.008 0.00096745
876.248 -0.00125456
876.487 0.00166651
876.727 -0.000655369
876.967 0.00121711
877.206 -0.00132946
877.446 0.00169148
877.685 -0.00125456
877.925 0.00131698
878.164 0.000418188
878.404 0.000168524
878.644 -0.000181007
878.883 0.000318322
879.123 -0.000455638
879.363 0.000318322
879.602 0.000118591
879.842 0.000667853
880.082 -0.00245295
880.321 0.00121711
880.561 -0.00252785
880.801 0.00101738
881.04 -0.000330805
881.28 0.000867584
881.52 -0.000455638
881.759 -5.61745e-05
881.999 0.00131698
882.239 1.87248e-05
882.479 0.000567987
882.718 -0.0010798
882.958 -0.000280873
883.198 0.00114222
883.438 -0.000555504
883.678 0.000318322
883.917 0.00114222
884.157 -0.000655369
884.397 0.000742752
884.637 -0.000780202
884.877 0.00171644
885.116 0.00061792
885.356 -0.00252785
885.596 6.86577e-05
885.836 -0.00058047
886.076 0.000343289
886.316 0.000493087
886.556 0.000917517
886.796 0.000567987
887.035 0.00144181
887.275 -0.000181007
887.515 -0.00125456
887.755 -5.61745e-05
887.995 -0.000905034
888.235 0.00154168
888.475 0.00111725
888.715 1.87248e-05
888.955 -0.000605436
889.195 -0.000181007
889.435 0.000218456
889.675 0.00169148
889.915 0.000518054
890.155 0.000817651
890.395 -0.000530537
890.635 -0.000730269
890.875 -0.000330805
891.115 0.000518054
891.355 0.000418188
891.595 -0.000855101
891.835 0.00221577
892.075 0.000817651
892.315 0.000118591
892.555 -0.000131074
892.796 0.000567987
893.036 0.000892551
893.276 -0.000655369
893.516 -0.000305839
893.756 0.000642886
893.996 -0.000755235
894.236 0.00106732
894.476 0.000867584
894.717 0.00204101
894.957 0.00111725
895.197 0.00259027
895.437 0.00146678
895.677 0.00141685
895.918 -0.000480604
896.158 -0.00205349
896.398 0.00336423
896.638 0.00131698
896.878 -0.00197859
897.119 -0.00102987
897.359 -0.000355772
897.599 0.00216584
897.839 -0.00117966
898.08 -0.00245295
898.32 -0.000131074
898.56 0.00111725
898.801 -0.000755235
899.041 -0.00058047
899.281 0.00121711
899.522 0.000742752
899.762 0.00104235
900.002 0.00166651
900.243 -0.00185376
900.483 -0.000480604
900.723 -0.000730269
900.964 0.000742752
901.204 -0.000205973
901.444 -0.00015604
901.685 0.00154168
901.925 0.00111725
902.166 -0.000855101
902.406 -0.000131074
902.647 0.000443155
902.887 0.00246544
903.127 0.000268389
903.368 0.00114222
903.608 0.000717785
903.849 0.000742752
904.089 0.00126705
904.33 0.000992416
904.57 0.00154168
904.811 0.00226571
905.051 0.000917517
905.292 -8.1141e-05
905.532 -5.61745e-05
905.773 0.00101738
906.013 4.36913e-05
906.254 -0.00023094
906.494 0.000742752
906.735 0.000742752
906.976 0.000742752
907.216 0.00401336
907.457 -0.00227819
907.697 -0.00102987
907.938 -0.000305839
908.179 0.00114222
908.419 -0.00015604
908.66 0.000817651
908.9 0.00139188
909.141 0.000268389
909.382 -5.61745e-05
909.622 0.000742752
909.863 0.00096745
910.104 0.000143557
910.344 0.00109228
910.585 0.00184128
910.826 -0.000880067
911.066 -0.0010798
911.307 -0.000705302
911.548 0.00171644
911.789 0.000817651
912.029 4.36913e-05
912.27 -0.00117966
912.511 0.00101738
912.752 -0.000480604
912.992 0.00061792
913.233 0.00101738
913.474 0.000867584
913.715 -0.00125456
913.956 0.000293356
914.196 -5.61745e-05
914.437 -0.000280873
914.678 -0.000380738
914.919 0.000717785
915.16 -0.000280873
915.4 0.00181631
915.641 0.00144181
915.882 0.00176638
916.123 -0.00112973
916.364 0.00124208
916.605 -0.000280873
916.846 0.00161658
917.087 -0.000755235
917.328 0.000343289
917.568 6.86577e-05
917.809 0.00151671
918.05 0.000318322
918.291 -0.000480604
918.532 0.00211591
918.773 0.00206597
919.014 -0.000131074
919.255 0.000468121
919.496 -5.61745e-05
919.737 -0.00015604
919.978 -0.00297725
920.219 0.00141685
920.46 0.00194114
920.701 -0.000730269
920.942 -0.00192866
921.183 0.000118591
921.424 -0.000755235
921.665 0.000143557
921.906 -0.00102987
922.147 0.00144181
922.388 0.000992416
922.629 0.000343289
922.871 -0.000355772
923.112 0.000118591
923.353 -0.00147926
923.594 0.00114222
923.835 0.00194114
924.076 0.00136691
924.317 0.00104235
924.558 0.00114222
924.8 -0.00112973
925.041 0.000318322
925.282 -0.000780202
925.523 0.000817651
925.764 -0.00167899
926.005 -0.000280873
926.247 0.000143557
926.488 -0.000755235
926.729 -0.00132946
926.97 -0.000330805
927.211 -0.00150423
927.453 -0.000330805
927.694 -5.61745e-05
927.935 0.0023406
928.176 0.00111725
928.418 0.000318322
928.659 -0.00058047
928.9 0.000742752
929.142 0.00224074
929.383 0.000518054
929.624 0.000293356
929.866 -0.000255906
930.107 -0.00015604
930.348 -0.00058047
930.589 0.000817651
930.831 0.000667853
931.072 -0.000680336
931.314 -0.000979933
931.555 0.000143557
931.796 -0.000680336
932.038 -0.000505571
932.279 0.0023406
932.52 -0.000205973
932.762 -0.000280873
933.003 0.000942484
933.245 -8.1141e-05
933.486 -0.000205973
933.728 0.00111725
933.969 0.00231564
934.21 -0.0010798
934.452 -0.00058047
934.693 0.000168524
934.935 0.000343289
935.176 0.000717785
935.418 -0.00157913
935.659 0.00266517
935.901 -0.000355772
936.142 0.000518054
936.384 -0.00112973
936.625 4.36913e-05
936.867 1.87248e-05
937.108 0.00194114
937.35 -0.00127953
937.592 -0.0010798
937.833 -0.000455638
938.075 -0.000455638
938.316 0.000842618
938.558 -0.000330805
938.799 0.000318322
939.041 -0.000530537
939.283 0.00061792
939.524 -0.00093
939.766 0.000243423
940.008 -0.00093
940.249 0.00141685
940.491 -5.61745e-05
940.733 -0.000555504
940.974 0.000917517
941.216 0.000642886
941.458 0.000867584
941.699 0.000717785
941.941 -0.00220329
942.183 0.00061792
942.424 0.000742752
942.666 0.00106732
942.908 -0.00232812
943.149 0.00111725
943.391 -0.0010798
943.633 -0.000630403
943.875 -0.000505571
944.116 0.000742752
944.358 -0.00127953
944.6 1.87248e-05
944.842 0.00221577
945.084 0.000567987
945.325 0.000917517
945.567 0.00154168
945.809 -0.000680336
946.051 -0.000330805
946.293 0.000318322
946.535 0.00154168
946.776 -0.000455638
947.018 -0.000855101
947.26 0.00054302
947.502 -0.00023094
947.744 -0.000330805
947.986 0.00061792
948.228 0.000318322
948.47 0.000742752
948.711 -0.000505571
948.953 0.00114222
949.195 0.000118591
949.437 -8.1141e-05
949.679 -0.00142933
949.921 0.0023406
950.163 0.000118591
950.405 0.000518054
950.647 1.87248e-05
950.889 -0.00102987
951.131 0.00104235
951.373 0.00216584
951.615 -0.000780202
951.857 0.000468121
952.099 -0.000780202
952.341 0.00141685
952.583 0.00101738
952.825 0.00149175
953.067 0.000418188
953.309 0.00061792
953.551 -0.000255906
953.793 6.86577e-05
954.035 0.000842618
954.277 0.00146678
954.519 -0.00187873
954.761 -0.00187873
955.004 -0.000680336
955.246 0.000143557
955.488 0.000418188
955.73 0.00134195
955.972 -0.000106107
956.214 -0.000630403
956.456 -0.000330805
956.698 -8.1141e-05
956.941 -0.00023094
957.183 -0.00015604
957.425 -0.000330805
957.667 -0.000380738
957.909 -0.00015604
958.152 0.000493087
958.394 0.000992416
958.636 0.000867584
958.878 0.00154168
959.12 0.000867584
959.363 0.000143557
959.605 0.000368255
959.847 0.00171644
960.089 0.000218456
960.332 -0.000280873
960.574 0.000917517
960.816 -0.000455638
961.058 0.000118591
961.301 0.000717785
961.543 0.00194114
961.785 0.000468121
962.028 -0.000181007
962.27 1.87248e-05
962.512 -0.000730269
962.755 0.000742752
962.997 0.00151671
963.239 0.00129201
963.482 -0.00125456
963.724 0.000667853
963.966 0.000118591
964.209 -0.000355772
964.451 0.00141685
964.694 0.00194114
964.936 -0.000280873
965.178 -0.000330805
965.421 0.000318322
965.663 -0.00157913
965.906 6.86577e-05
966.148 0.00061792
966.391 -0.000979933
966.633 -0.000530537
966.876 0.00206597
967.118 4.36913e-05
967.36 -0.000505571
967.603 0.000518054
967.845 0.00124208
968.088 -0.00132946
968.33 -0.000979933
968.573 0.000742752
968.815 0.000917517
969.058 0.000518054
969.301 -0.000455638
969.543 0.00176638
969.786 0.000343289
970.028 -5.61745e-05
970.271 0.00164154
970.513 0.00111725
970.756 0.000917517
970.999 0.000268389
971.241 0.000343289
971.484 0.00221577
971.726 0.000443155
971.969 0.000917517
972.212 -0.000455638
972.454 -0.000106107
972.697 -0.00212839
972.939 0.0023406
973.182 0.000742752
973.425 -0.000205973
973.667 -0.000480604
973.91 -0.000480604
974.153 0.00131698
974.395 -0.00165403
974.638 0.00101738
974.881 0.000742752
975.124 -0.000680336
975.366 -0.000181007
975.609 0.000917517
975.852 -0.000280873
976.094 -0.000880067
976.337 -0.00058047
976.58 0.000218456
976.823 -0.000455638
977.066 0.000742752
977.308 0.000667853
977.551 0.00166651
977.794 -0.000280873
978.037 -0.00023094
978.279 -0.00058047
978.522 0.00149175
978.765 -0.000855101
979.008 0.00101738
979.251 0.000742752
979.494 6.86577e-05
979.736 0.00181631
979.979 0.0027151
980.222 -0.000855101
980.465 0.00151671
980.708 0.000318322
980.951 -0.00167899
981.194 -0.000530537
981.437 0.00161658
981.679 -0.000530537
981.922 0.00174141
982.165 -0.00058047
982.408 0.00121711
982.651 -0.000205973
982.894 0.00134195
983.137 0.000592953
983.38 0.00171644
983.623 0.00166651
983.866 0.000218456
984.109 0.000243423
984.352 -5.61745e-05
984.595 0.00136691
984.838 -0.00093
985.081 0.000343289
985.324 0.00061792
985.567 0.000268389
985.81 0.000318322
986.053 -0.000405705
986.296 -0.000730269
986.539 0.0023406
986.782 0.000642886
987.025 -0.000680336
987.268 0.00216584
987.511 -0.00102987
987.754 0.0034641
987.997 0.00261524
988.241 -0.000330805
988.484 0.000717785
988.727 0.000717785
988.97 -0.000530537
989.213 0.000268389
989.456 -0.00117966
989.699 0.000218456
989.942 0.000293356
990.186 0.00181631
990.429 1.87248e-05
990.672 -0.000380738
990.915 -0.000680336
991.158 0.000917517
991.401 -0.000880067
991.645 0.00111725
991.888 -0.00177886
992.131 0.000642886
992.374 0.00114222
992.618 0.00194114
992.861 -0.00102987
993.104 0.00191618
993.347 0.000218456
993.59 6.86577e-05
993.834 -0.00230316
994.077 -0.00023094
994.32 -0.00015604
994.564 -0.000855101
994.807 0.000318322
995.05 -0.00023094
995.293 0.000343289
995.537 -0.00015604
995.78 0.000418188
996.023 0.00194114
996.267 0.00126705
996.51 0.00291483
996.753 0.00144181
996.997 -8.1141e-05
997.24 -0.000855101
997.483 1.87248e-05
997.727 0.00061792
997.97 -0.00155416
998.214 0.000268389
998.457 -5.61745e-05
998.7 0.00154168
998.944 0.00114222
999.187 -0.00015604
999.431 -0.000355772
999.674 -0.00165403
999.917 -6.24161e-06
1000.16 0.00114222
1000.4 0.00019349
1000.65 -0.000455638
1000.89 -0.000855101
1001.13 -0.000780202
1001.38 -0.000455638
1001.62 -0.000380738
1001.87 1.87248e-05
1002.11 0.00151671
1002.35 -0.00215336
1002.6 -0.00015604
1002.84 -0.000855101
1003.08 0.00371376
1003.33 0.000518054
1003.57 0.00141685
1003.81 0.00114222
1004.06 -0.000181007
1004.3 -0.00112973
1004.54 0.00274007
1004.79 0.000268389
1005.03 0.00114222
1005.27 0.00146678
1005.52 -0.000680336
1005.76 0.000518054
1006.01 -0.000880067
1006.25 0.00139188
1006.49 -0.00205349
1006.74 -0.00147926
1006.98 0.000667853
1007.22 -0.000106107
1007.47 0.00154168
1007.71 -0.000255906
1007.95 0.00141685
1008.2 0.00201604
1008.44 0.00191618
1008.69 -0.000455638
1008.93 0.000318322
1009.17 0.000692819
1009.42 -0.000380738
1009.66 0.000742752
1009.9 0.00219081
1010.15 0.00114222
1010.39 0.000992416
1010.64 -0.000205973
1010.88 -0.000979933
1011.12 0.00061792
1011.37 -0.000630403
1011.61 0.000118591
1011.85 -0.000255906
1012.1 0.00061792
1012.34 0.000343289
1012.59 -0.00272758
1012.83 0.000168524
1013.07 -0.00058047
1013.32 0.000343289
1013.56 -0.00102987
1013.8 0.000518054
1014.05 -0.000181007
1014.29 0.00154168
1014.54 -0.00185376
1014.78 0.00296477
1015.02 -0.00023094
1015.27 -0.000330805
1015.51 0.00141685
1015.76 -5.61745e-05
1016 -0.000455638
1016.24 -0.000380738
1016.49 0.000218456
1016.73 0.00181631
1016.98 -0.0013045
1017.22 0.00161658
1017.46 -8.1141e-05
1017.71 -0.000181007
1017.95 -0.00132946
1018.19 0.000268389
1018.44 -5.61745e-05
1018.68 0.00061792
1018.93 4.36913e-05
1019.17 0.000817651
1019.41 -0.00112973
1019.66 -0.000755235
1019.9 0.00221577
1020.15 0.00154168
1020.39 0.00111725
1020.63 0.000667853
1020.88 -5.61745e-05
1021.12 0.00141685
1021.37 -5.61745e-05
1021.61 0.000268389
1021.85 -0.00058047
1022.1 -0.00327685
1022.34 -0.00397591
1022.59 -0.00142933
1022.83 -0.000330805
1023.08 -0.00177886
